dataset-1,2 (lying down):
[0.0012199170732781896, 0.0012417128563526328, 0.0011876566450119037, 0.0011902917721684208, 0.0020852593747981065, 0.0012696228667673096, 0.0014671509615550231, 0.0013184084421081171, 0.0013634769141233783, 0.0013900858632345482, 0.0016354497695745096, 0.0016049963887122549, 0.0015623729847179797, 0.0021602029455419047, 0.0013287821995333982, 0.0011666012583556823, 0.0015421172913544453, 0.0012042120416622046, 0.0012392260095916627, 0.0015715042761085397, 0.0016915419328984919, 0.0016038366920833693, 0.001897792841225426, 0.0031321007692083533, 0.001324347629345554, 0.0014212956634036121, 0.0015020898406068951, 0.0011046742160697425, 0.001267716291883491, 0.0015242157300459874, 0.0012752861929581224, 0.0011665153683671373, 0.0015995848295366529, 0.001370707097743981, 0.0014918608796315766, 0.0013373339119579493, 0.0010827071634491891, 0.0011370449667267005, 0.0010763744834274848, 0.0014093999247467052, 0.0014989797568114053, 0.0015340897303672877, 0.0017088769520308242, 0.0012846972951909498, 0.001178383438583779, 0.0015368925106587919, 0.0013982480264108374, 0.0013412462710535068, 0.001780386348894765, 0.0022045624547513964, 0.0030603427146227709, 0.0012595439326505223, 0.0029824075719452202, 0.002326600504197804, 0.0016329688044603649, 0.0020808155247592688, 0.0011146667880187122, 0.001576988638352118, 0.0012917748431773993, 0.0011508675478441393, 0.0013073875629014409, 0.0025057759649494836, 0.0014916286629133003, 0.0016155291545055187, 0.0010392387605059087, 0.0018663798625660124, 0.0017910371375546444, 0.0011692140012206271, 0.0014868230837911775]

0.00154176562617 8.19780810508e-07 5.84154978167e-11 6.29104683352e-11 2.14984480723e-20 9.05102815745e-14 -2.87527463379e-21

dataset-4,7 (sitting):
[0.001634542861158118, 0.0018287727171131245, 0.0015378153743056495, 0.0014599633521536265, 0.0018010914522025795, 0.002204669106209485, 0.0017513022451526509, 0.0015318177593229235, 0.0014131007007820602, 0.0015255252083630467, 0.0014846884213171832, 0.0014678890148348308, 0.0018348277171582163, 0.0015560727388060657, 0.0020053758636383186, 0.001647525393291945, 0.0015015692122267541, 0.0016859144745578192, 0.0017501022694661763, 0.0017421022247232562, 0.0016182751399064696, 0.0015566225206407019, 0.0016365281813645318, 0.0017660910603613188, 0.0017730971258943461, 0.0014275721909945951, 0.0016409269607002067, 0.0012321310723100783, 0.0011988119003561028, 0.0017827685626896179, 0.0013329246783789846, 0.0022644831757037704, 0.0016272161676267186, 0.0012381884962892778, 0.0016733706572272678, 0.0015855106960957687, 0.0018950381244746681, 0.0015161684022376412, 0.0012452893245340798, 0.0014603653517026147, 0.0015520385976739422, 0.0028003045087825994, 0.0013562139545155215, 0.0012199823149365038, 0.0013042859901399705, 0.0015296482190520575, 0.0017268952199090434, 0.0032844485651422738, 0.0031965693162706865, 0.0015257965403017919, 0.0017168457942516812, 0.0015425579886129044, 0.0019435594191833661, 0.0019597062333493926, 0.0014836396844161962, 0.0011920486726572877, 0.0014462540203314229, 0.0015309474457260352, 0.0015591838203672568, 0.0016697140642255878, 0.0013453790532520823, 0.0015645837547861047, 0.0020100574456251175, 0.0020667901697864173, 0.00165227874440003, 0.0019913960838851639, 0.0016117892566164945, 0.0015935809663817453, 0.0015069939927078468, 0.0014878676973791639, 0.0014525434535763108, 0.0011506025752812913, 0.0014550620676124801, 0.0012962524833644603, 0.0015040106797872656, 0.0015206602464849762, 0.0014106642209479893, 0.0019827250899639086, 0.0013482417055819074]

0.00164972364498 3.09554663434e-07 1.20577883504e-10 1.34400140893e-10 1.00177692021e-19 6.87666277492e-14 2.33401776334e-19

dataset-5 (standing):

[0.0017769387147415624, 0.001557629000851409, 0.0017546947560954347, 0.0016009595788239086, 0.0019617832726435917, 0.0015846032201047694, 0.0017660029461112666, 0.0016209484538156683, 0.0018868373538288991, 0.0015330976805848114, 0.0014416260101950528, 0.0017799495621229531, 0.0026067658217742316, 0.0014925259049763146, 0.001707874114343003, 0.0014907960504170533, 0.001600503410134484, 0.0016171954118001921, 0.0016262875629360555, 0.0015821786433719682, 0.0014891394132026596, 0.0024188652444881442, 0.0016562439184364245, 0.001824817725085665, 0.0016151951563612896, 0.0016561420007834679, 0.0015927350336505618, 0.0016225583887747024, 0.0020396513287295383, 0.0020531590730133776, 0.0020544610190330521, 0.0017588641297987628, 0.0018667981676129628, 0.0017086039109155595, 0.0027296591176203698, 0.0017076485289162372, 0.0016813258064804749, 0.0020071760414452355, 0.001657711347316468, 0.0021962677419471934, 0.0014331055223040464, 0.0017602781270506618]

0.00177427629078 4.41440834711e-07 1.12882834888e-10 6.12481059777e-11 6.08503133673e-21 1.74014958406e-14 -5.21231228435e-22